57.6923 57.6923 58.1666
57.6923 57.6923 58.9532
71.4286 62.2711 60.0309
71.4286 64.5604 61.1223
55.5556 64.0263 62.4155
107.143 76.3889 63.8068
53.5714 71.9246 65.3299
100 79.0675 66.9905
65.2174 81.4829 68.8645
65.2174 71.0016 70.9432
78.9474 77.3455 73.2165
83.3333 73.1789 75.5962
107.143 83.6602 78.0529
100 92.3559 80.5469
34.8837 81.34 82.9123
100 85.5066 85.1413
45.4545 70.0846 86.5668
62.5 60.7096 86.6581
71.4286 69.8458 86.9616
75 63.5958 88.1332
107.143 79.0179 89.4129
107.143 90.1786 90.6073
53.5714 85.7143 91.6821
78.9474 86.7011 92.8538
50 72.4154 94.0683
68.1818 62.6752 95.6403
65.2174 65.5866 97.9538
68.1818 62.8953 100.533
214.286 103.967 103.071
187.5 133.796 105.78
34.0909 126.015 107.496
53.5714 122.362 109.256
34.8837 77.5115 111.066
65.2174 46.9409 112.97
300 113.418 114.956
34.8837 108.746 116.98
375 193.775 118.88
41.6667 187.888 120.607
100 137.888 122.102
51.7241 142.098 122.548
51.7241 61.2787 117.908
65.2174 67.1664 115.432
250 104.666 115.935
42.8571 102.45 116.526
83.3333 110.352 117.1
45.4545 105.411 117.568
250 105.411 117.934
42.8571 105.411 118.186
53.5714 97.9708 118.306
65.2174 102.911 118.262
75 59.1615 118.069
71.4286 66.3043 117.73
88.2353 74.9703 117.346
107.143 85.4517 116.913
53.5714 80.0945 115.973
51.7241 75.1684 114.83
65.2174 69.414 113.473
65.2174 58.9326 111.94
65.2174 61.8441 110.538
250 111.413 109.276
44.1176 106.138 108.155
750 277.334 106.969
41.6667 271.446 105.681
115.385 237.792 104.819
40.5405 236.898 104.111
60 64.398 104.054
62.5 69.6063 103.886
375 134.51 103.317
75 143.125 101.474
30.6122 135.778 97.7705
45.4545 131.517 93.1113
93.75 61.2042 89.9803
45.4545 53.8178 87.5344
71.4286 64.0219 85.3834
62.5 68.2833 83.5922
71.4286 62.7029 83.0971
375 145.089 82.9319
33.3333 135.565 82.2773
125 151.19 81.3418
62.5 148.958 81.7521
100 80.2083 86.2235
107.143 98.6607 85.7059
107.143 94.1964 84.6266
100 103.571 83.594
27.2727 85.3896 82.5007
115.385 87.45 81.4015
107.143 87.45 80.3301
55.5556 76.3389 79.2663
48.3871 81.6175 78.2144
74.4 71.3714 77.1791
20.4324 49.6938 75.6702
750 223.305 73.3789
57.6923 225.631 69.7155
52.6316 220.189 65.9026
53.5714 228.474 63.4947
53.5714 54.3667 61.3141
45.4545 51.3072 59.2921
55.5556 52.0382 57.3291
62.5 54.2704 55.6207
65.2174 57.1819 54.3931
71.4286 63.6754 54.7605
115.385 78.6326 55.5134
45.4545 74.3713 55.0295
48.3871 70.1637 54.1719
57.6923 66.7296 53.2609
57.6923 52.3066 52.3142
75 59.6929 51.3853
75 66.3462 50.6353
93.75 75.3606 50.0102
187.5 107.812 50.0787
37.5 98.4375 50.6382
93.75 103.125 51.3507
35.7143 88.6161 51.8725
62.5 57.3661 52.2627
57.6923 62.4141 52.6082
187.5 85.8516 52.9994
32.6087 85.0753 53.5863
100 94.4503 54.4526
50 92.5272 55.3015
100 70.6522 56.2211
60 77.5 57.2464
57.6923 66.9231 58.2686
60 69.4231 59.3113
44.1176 55.4525 60.4962
75 59.2025 61.8157
100 69.7794 63.4854
187.5 101.654 65.4075
37.5 100 67.4022
39.4737 91.1184 68.8859
250 128.618 69.7532
32.6087 89.8956 70.7813
65.2174 96.8249 71.9562
93.75 110.394 73.2999
93.75 71.3315 74.6446
34.0909 71.7021 76.8689
250 117.898 79.5622
44.1176 105.49 81.9047
68.1818 99.0976 83.7861
187.5 137.45 85.3716
40.5405 85.085 86.948
83.3333 94.8889 88.3766
42.8571 88.5578 89.6111
100 66.6828 90.5615
50 69.0476 91.0418
50 60.7143 90.7673
55.5556 63.8889 88.6155
75 57.6389 88.3141
60 60.1389 88.545
51.7241 60.5699 88.8654
115.385 75.5272 89.4336
107.143 83.5629 89.6218
250 131.063 90.1782
30 125.632 92.5475
75 115.536 99.9743
51.7241 101.681 104.291
88.2353 61.2399 105.848
300 128.74 106.163
34.8837 118.711 102.514
250 168.28 95.942
37.5 155.596 95.1001
48.3871 92.6927 95.2607
46.875 95.6905 95.4354
68.1818 50.236 95.6184
68.1818 57.9064 96.0425
100 70.8097 96.0894
300 134.091 96.142
187.5 163.92 96.1045
42.8571 157.589 95.8205
55.5556 146.478 94.8029
53.5714 84.871 93.0944
31.25 45.8085 92.0793
75 53.8442 91.1993
107.143 66.7411 90.479
107.143 80.1339 89.7539
33.3333 80.6548 89.072
166.667 103.571 88.3583
45.4545 88.1494 87.9448
55.5556 75.2525 87.7293
78.9474 86.656 88.3551
75 63.7394 89.0486
166.667 94.0424 89.6109
60 95.1535 90.0162
71.4286 93.2738 90.2662
83.3333 95.3571 89.8361
35.7143 62.619 87.9561
62.5 63.244 85.0475
62.5 61.0119 84.1427
62.5 55.8036 82.8817
107.143 73.6607 81.5704
100 83.0357 80.0468
51.7241 80.3417 78.3853
100 89.7167 76.7713
31.9149 70.9098 75.2004
53.5714 59.3026 73.7092
65.2174 62.6759 72.632
68.1818 54.7214 71.8286
375 140.493 71.5262
68.1818 144.145 72.9965
28.8462 135.052 76.6617
50 130.507 77.8192
214.286 90.3284 78.506
26.3158 79.8619 78.95
71.4286 90.5075 78.9788
71.4286 95.8647 79.2868
107.143 69.0789 79.3551
214.286 116.071 79.7392
36.5854 107.361 80.3405
150 127.003 81.4127
51.7241 113.149 82.9421
187.5 106.452 84.4242
27.7778 104.25 85.6755
93.75 90.188 86.8533
100 102.257 87.9643
214.286 108.953 88.9326
31.25 109.821 89.9036
214.286 139.955 90.8292
68.1818 132.001 91.3829
33.3333 86.7627 91.6351
44.1176 89.9796 91.6152
57.6923 50.8313 91.2933
54.5455 47.4222 90.7339
62.5 54.7139 90.0723
48.3871 55.7812 89.4134
31.9149 49.3369 88.4972
37.5 45.0755 87.3
57.6923 43.8736 86.5991
55.5556 45.6657 85.9695
100 62.687 85.3658
100 78.312 84.7001
50 76.3889 83.9456
107.143 89.2857 83.0168
35.7143 73.2143 81.8689
51.7241 61.1453 80.4373
60 63.6453 79.1753
65.2174 53.164 78.0891
45.4545 55.599 77.0314
88.2353 64.7268 75.732
93.75 73.1643 74.3187
107.143 83.6457 73.1423
34.0909 80.8048 72.3445
57.6923 73.169 71.6275
75 68.4815 71.4932
68.1818 58.7413 71.9339
93.75 73.656 72.1968
100 84.233 71.5999
93.75 88.9205 70.5486
100 96.875 69.1987
46.875 85.1562 68.4449
34.0909 68.679 67.7736
65.2174 61.5458 67.1288
68.1818 53.5913 66.5327
88.2353 63.9314 66.1466
93.75 78.8461 65.025
500 187.542 63.1087
34.8837 179.217 62.075
34.0909 165.681 61.7507
53.5714 155.637 61.8906
68.1818 47.682 63.2273
68.1818 56.0065 69.3336
107.143 74.2695 72.8044
100 85.8766 73.7167
100 93.8312 74.4221
100 101.786 75.4386
28.3019 82.0755 76.4328
51.7241 70.0065 77.235
214.286 98.5779 78.1138
39.4737 83.4464 78.6303
93.75 99.8084 79.0226
100 111.877 78.9267
46.875 70.0247 77.7021
93.75 83.5937 76.0319
40.5405 70.2914 74.6017
57.6923 59.7145 73.6772
65.2174 64.3001 73.3591
500 165.863 72.4417
62.5 171.352 71.4706
88.2353 178.988 70.1126
50 175.184 68.2279
107.143 76.9695 65.9675
26.3158 67.9235 64.5603
53.5714 59.2575 63.6156
60 61.7575 63.0981
60 49.9718 62.7093
45.4545 54.7565 62.3796
93.75 64.8011 61.6363
88.2353 71.86 60.7269
45.4545 68.2236 60.4509
48.3871 68.9567 60.2764
48.3871 57.616 60.3972
62.5 51.1822 60.8363
62.5 55.4435 61.4398
78.9474 63.0836 62.2103
46.875 62.7056 62.4619
107.143 73.8663 62.0539
55.5556 72.1302 62.4518
42.8571 63.1076 63.1011
60 66.3889 63.9487
62.5 55.2282 64.8479
62.5 56.9643 65.811
83.3333 67.0833 66.7561
65.2174 68.3877 67.4318
75 71.5127 67.7839
100 80.8877 68.0587
40.5405 70.1895 67.9322
60 68.8851 68.1109
60 65.1351 68.0997
60 55.1351 67.9433
88.2353 67.0588 67.6477
45.4545 63.4225 67.1961
100 73.4225 66.3482
30.6122 66.0755 65.2884
42.8571 54.731 64.1858
46.875 55.0861 63.2199
62.5 45.7111 62.4173
65.2174 54.3624 62.5512
250 106.148 63.1828
71.4286 112.286 64.8467
32.6087 104.814 67.0623
166.667 130.176 69.208
24.1935 73.7244 70.8121
57.6923 70.2903 71.6475
300 137.138 72.5127
36.5854 104.618 73.2134
78.9474 118.306 73.5332
53.5714 117.276 73.1191
78.9474 62.0129 70.9865
100 77.8665 68.9559
35.7143 67.0583 67.7373
51.7241 66.5964 66.9351
51.7241 59.7906 66.3898
51.7241 47.7217 65.3334
375 132.543 65.6832
21.7391 125.047 66.0361
36.5854 121.262 66.3898
17.6471 112.743 64.983
